996699 30203 3
995599 3121 4
994499 8219 5
993399 30103 6
992299 263 7
991199 359 8
990099 137 9
989989 43 10
988889 89899 11
987789 809 12
986689 4721 13
985589 89599 14
984489 29833 15
983389 89399 16
982289 12757 17
981189 53 18
980089 641 19
979979 89 20
978879 29663 21
977779 863 22
976679 88789 23
975579 47 24
974479 88589 25
973379 827 26
972279 61 27
971179 88289 28
970079 3041 29
969969 19 30
968869 88079 31
967769 907 32
966669 2663 33
965569 1439 34
964469 87679 35
963369 263 36
962269 12497 37
961169 1481 38
960069 619 39
959959 137 40
958859 1429 41
957759 29023 42
956659 86969 43
955559 86869 44
954459 311 45
953359 7879 46
952259 149 47
951159 41 48
950059 86369 49
949949 73 50
948849 28753 51
947749 2971 52
946649 2099 53
945549 9551 54
944449 3733 55
943349 449 56
942249 4079 57
941149 1277 58
940049 457 59
939939 313 60
938839 7759 61
937739 523 62
936639 9461 63
935539 85049 64
934439 263 65
933339 28283 66
932239 12107 67
931139 84649 68
930039 28183 69
929929 929 70
928829 4967 71
927729 9371 72
926629 84239 73
925529 7649 74
924429 257 75
923329 83939 76
922229 59 77
921129 271 78
920029 83639 79
919919 919 80
918819 9281 81
917719 4391 82
916619 3623 83
915519 27743 84
914419 857 85
913319 1051 86
912219 359 87
911119 733 88
910019 82729 89
909909 101 90
908809 82619 91
907709 461 92
906609 331 93
905509 313 94
904409 82219 95
903309 883 96
902209 11717 97
901109 81919 98
900009 9091 99
899998 3719 100
898898 449 101
897798 223 102
896698 40759 103
895598 40709 104
894498 13553 105
893398 40609 106
892298 40559 107
891198 643 108
890098 40459 109
889988 179 110
888888 37 111
887788 20177 112
886688 229 113
885588 6709 114
884488 23 115
883388 1181 116
882288 557 117
881188 2861 118
880088 137 119
879978 199 120
878878 439 121
877778 2347 122
876678 359 123
875578 39799 124
874478 39749 125
873378 401 126
872278 1279 127
871178 5657 128
870078 13183 129
869968 4943 130
868868 31 131
867768 173 132
866668 19697 133
865568 2459 134
864468 59 135
863368 9811 136
862268 19597 137
861168 233 138
860068 1777 139
859958 39089 140
858858 13 141
857758 307 142
856658 1693 143
855558 149 144
854458 38839 145
853358 491 146
852258 349 147
851158 5527 148
850058 38639 149
849948 137 150
848848 53 151
847748 19267 152
846648 1069 153
845548 1747 154
844448 2399 155
843348 6389 156
842248 563 157
841148 2731 158
840048 43 159
839938 523 160
838838 419 161
837738 4231 162
836638 2237 163
835538 233 164
834438 269 165
833338 37879 166
832238 181 167
831138 257 168
830038 1301 169
829928 9431 170
828828 23 171
827728 4703 172
826628 18787 173
825528 59 174
824428 457 175
823328 2339 176
822228 6229 177
821128 43 178
820028 18637 179
819918 101 180
818818 409 181
817718 109 182
816618 12373 183
815518 1951 184
814418 37019 185
813318 12323 186
812218 36919 187
811118 229 188
810018 4091 189
809908 233 190
808808 101 191
807708 211 192
806608 4583 193
805508 18307 194
804408 277 195
803308 18257 196
802208 53 197
801108 17 198
800008 9091 199
799997 72727 200
798897 563 201
797797 797 202
796697 67 203
795597 24109 204
794497 72227 205
793397 83 206
792297 151 207
791197 4231 208
790097 331 209
789987 647 210
788887 2473 211
787787 787 212
786687 769 213
785587 4201 214
784487 71317 215
783387 193 216
782287 197 217
781187 1511 218
780087 307 219
779977 97 220
778877 157 221
777777 37 222
776677 70607 223
775577 70507 224
774477 7823 225
773377 421 226
772277 70207 227
771177 23369 228
770077 137 229
769967 69997 230
768867 1013 231
767767 59 232
766667 69697 233
765567 37 234
764467 69497 235
763367 2393 236
762267 23099 237
761167 69197 238
760067 9871 239
759957 23029 240
758857 463 241
757757 757 242
756657 7643 243
755557 68687 244
754457 641 245
753357 617 246
752257 6217 247
751157 2969 248
750057 191 249
749947 863 250
748847 3583 251
747747 83 252
746647 659 253
745547 67777 254
744447 1327 255
743347 67577 256
742247 67477 257
741147 607 258
740047 1373 259
739937 491 260
738837 439 261
737737 67 262
736637 401 263
735537 719 264
734437 373 265
733337 409 266
732237 22189 267
731137 66467 268
730037 499 269
729927 101 270
728827 1123 271
727727 727 272
726627 227 273
725527 65957 274
724427 5987 275
723327 953 276
722227 65657 277
721127 65557 278
720027 1039 279
719917 65447 280
718817 647 281
717717 239 282
716617 65147 283
715517 2243 284
714417 21649 285
713317 3413 286
712217 64747 287
711117 653 288
710017 9221 289
709907 5867 290
708807 457 291
707707 101 292
706607 64237 293
705507 21379 294
704407 64037 295
703307 3761 296
702207 173 297
701107 63737 298
700007 9091 299
699996 5303 300
698896 19 301
697796 15859 302
696696 29 303
695596 15809 304
694496 1973 305
693396 103 306
692296 7867 307
691196 683 308
690096 1307 309
689986 397 310
688886 181 311
687786 613 312
686686 13 313
685586 2833 314
684486 3457 315
683386 31063 316
682286 31013 317
681186 10321 318
680086 1627 319
679976 7727 320
678876 139 321
677776 3851 322
676676 13 323
675576 853 324
674476 15329 325
673376 1913 326
672276 463 327
671176 263 328
670076 157 329
669966 10151 330
668866 30403 331
667766 239 332
666666 37 333
665566 30253 334
664466 30203 335
663366 23 336
662266 30103 337
661166 733 338
660066 137 339
659956 283 340
658856 7487 341
657756 151 342
656656 41 343
655556 317 344
654456 67 345
653356 479 346
652256 109 347
651156 4933 348
650056 89 349
649946 953 350
648846 113 351
647746 29443 352
646646 19 353
645546 9781 354
644446 2663 355
643346 29243 356
642246 263 357
641146 193 358
640046 619 359
639936 101 360
638836 14519 361
637736 7247 362
636636 53 363
635536 157 364
634436 14419 365
633336 2399 366
632236 14369 367
631136 163 368
630036 43 369
629926 137 370
628826 283 371
627726 9511 372
626626 313 373
625526 28433 374
624426 9461 375
623326 977 376
622226 28283 377
621126 3137 378
620026 28183 379
619916 193 380
618816 293 381
617716 139 382
616616 13 383
615516 4663 384
614416 3491 385
613316 263 386
612216 773 387
611116 43 388
610016 1733 389
609906 9241 390
608806 27673 391
607706 1201 392
606606 101 393
605506 1619 394
604406 331 395
603306 277 396
602206 883 397
601106 307 398
600006 9091 399
599995 10909 400
598895 10889 401
597795 3623 402
596695 571 403
595595 17 404
594495 1201 405
593395 10789 406
592295 89 407
591195 3583 408
590095 10729 409
589985 631 410
588885 83 411
587785 10687 412
586685 10667 413
585585 13 414
584485 10627 415
583385 10607 416
582285 3529 417
581185 10567 418
580085 199 419
579975 37 420
578875 421 421
577775 191 422
576675 233 423
575575 23 424
574475 2089 425
573375 139 426
572275 2081 427
571175 67 428
570075 691 429
569965 241 430
568865 10343 431
567765 37 432
566665 10303 433
565565 113 434
564465 311 435
563365 10243 436
562265 10223 437
561165 179 438
560065 599 439
559955 10181 440
558855 1129 441
557755 10141 442
556655 349 443
555555 37 444
554455 593 445
553355 10061 446
552255 3347 447
551155 911 448
550055 137 449
549945 101 450
548845 587 451
547745 433 452
546645 3313 453
545545 109 454
544445 521 455
543345 89 456
542245 9859 457
541145 9839 458
540045 1091 459
539935 9817 460
538835 101 461
537735 3259 462
536635 887 463
535535 107 464
534435 79 465
533335 9697 466
532235 9677 467
531135 37 468
530035 419 469
529925 47 470
528825 641 471
527725 101 472
526625 383 473
525525 13 474
524425 1907 475
523325 173 476
522225 211 477
521125 379 478
520025 61 479
519915 137 480
518815 9433 481
517715 9413 482
516615 101 483
515515 103 484
514415 199 485
513315 61 486
512215 139 487
511115 9293 488
510015 281 489
509905 127 490
508805 29 491
507705 181 492
506605 151 493
505505 101 494
504405 1019 495
503305 9151 496
502205 397 497
501105 3037 498
500005 9091 499
499994 22727 500
498894 7559 501
497794 17 502
496694 211 503
495594 2503 504
494494 19 505
493394 547 506
492294 7459 507
491194 269 508
490094 22277 509
489984 29 510
488884 271 511
487784 241 512
486684 1229 513
485584 89 514
484484 13 515
483384 1831 516
482284 113 517
481184 1367 518
480084 3637 519
479974 21817 520
478874 21767 521
477774 127 522
476674 461 523
475574 21617 524
474474 79 525
473374 21517 526
472274 21467 527
471174 59 528
470074 929 529
469964 971 530
468864 37 531
467764 10631 532
466664 5303 533
465564 3527 534
464464 29 535
463364 10531 536
462264 103 537
461164 223 538
460064 1307 539
459954 101 540
458854 20857 541
457754 20807 542
456654 37 543
455554 20707 544
454454 227 545
453354 6869 546
452254 337 547
451154 20507 548
450054 2273 549
449944 5113 550
448844 101 551
447744 53 552
446644 10151 553
445544 83 554
444444 37 555
443344 229 556
442244 23 557
441144 557 558
440044 137 559
439934 19997 560
438834 109 561
437734 197 562
436634 223 563
435534 6599 564
434434 31 565
433334 19697 566
432234 59 567
431134 19597 568
430034 1777 569
429924 3257 570
428824 443 571
427724 9721 572
426624 101 573
425524 509 574
424424 53 575
423324 1069 576
422224 2399 577
421124 563 578
420024 43 579
419914 19087 580
418814 19037 581
417714 6329 582
416614 653 583
415514 101 584
414414 23 585
413314 18787 586
412214 457 587
411114 6229 588
410014 18637 589
409904 137 590
408804 163 591
407704 113 592
406604 9241 593
405504 11 594
404404 101 595
403304 4583 596
402204 277 597
401104 53 598
400004 9091 599
399993 31 600
398893 36263 601
397793 43 602
396693 4007 603
395593 35963 604
394493 35863 605
393393 131 606
392293 1877 607
391193 61 608
390093 11821 609
389983 293 610
388883 35353 611
387783 3917 612
386683 35153 613
385583 35053 614
384483 191 615
383383 383 616
382283 1511 617
381183 11551 618
380083 317 619
379973 34543 620
378873 89 621
377773 563 622
376673 283 623
375573 599 624
374473 577 625
373373 373 626
372273 389 627
371173 823 628
370073 1979 629
369963 101 630
368863 33533 631
367763 499 632
366663 271 633
365563 199 634
364463 1949 635
363363 13 636
362263 32933 637
361163 32833 638
360063 3637 639
359953 761 640
358853 101 641
357753 293 642
356653 32423 643
355553 32323 644
354453 467 645
353353 353 646
352253 1033 647
351153 3547 648
350053 263 649
349943 1097 650
348843 31 651
347743 313 652
346643 31513 653
345543 283 654
344443 181 655
343343 13 656
342243 3457 657
341143 31013 658
340043 1627 659
339933 10301 660
338833 30803 661
337733 30703 662
336633 101 663
335533 59 664
334433 30403 665
333333 37 666
332233 30203 667
331133 30103 668
330033 137 669
329923 337 670
328823 179 671
327723 9931 672
326623 1291 673
325523 293 674
324423 113 675
323323 19 676
322223 2663 677
321123 263 678
320023 619 679
319913 229 680
318813 9661 681
317713 1699 682
316613 269 683
315513 3187 684
314413 283 685
313313 313 686
312213 9461 687
311113 28283 688
310013 28183 689
309903 9391 690
308803 419 691
307703 2543 692
306603 163 693
305503 27773 694
304403 27673 695
303303 101 696
302203 331 697
301103 883 698
300003 9091 699
299992 487 700
298892 6793 701
297792 47 702
296692 613 703
295592 3359 704
294492 97 705
293392 1667 706
292292 73 707
291192 1103 708
290092 347 709
289982 269 710
288882 1459 711
287782 127 712
286682 157 713
285582 4327 714
284482 193 715
283382 1171 716
282282 47 717
281182 12781 718
280082 439 719
279972 101 720
278872 3169 721
277772 107 722
276672 131 723
275572 6263 724
274472 3119 725
273372 109 726
272272 17 727
271172 6163 728
270072 31 729
269962 1753 730
268862 101 731
267762 4057 732
266662 31 733
265562 12071 734
264462 4007 735
263362 11971 736
262262 131 737
261162 1319 738
260062 11821 739
259952 211 740
258852 53 741
257752 101 742
256652 307 743
255552 11 744
254452 5783 745
253352 2879 746
252252 13 747
251152 1427 748
250052 5683 749
249942 541 750
248842 11311 751
247742 11261 752
246642 101 753
245542 11161 754
244442 271 755
243342 1229 756
242242 13 757
241142 113 758
240042 3637 759
239932 41 760
238832 59 761
237732 1801 762
236632 2689 763
235532 101 764
234432 37 765
233332 5303 766
232232 29 767
231132 103 768
230032 1307 769
229922 1493 770
228822 3467 771
227722 941 772
226622 10301 773
225522 67 774
224422 101 775
223322 10151 776
222222 37 777
221122 23 778
220022 137 779
219912 17 780
218812 4973 781
217712 1237 782
216612 547 783
215512 79 784
214412 443 785
213312 101 786
212212 53 787
211112 2399 788
210012 43 789
209902 47 790
208802 9491 791
207702 1049 792
206602 9391 793
205502 9341 794
204402 163 795
203302 9241 796
202202 101 797
201102 277 798
200002 9091 799
199991 18181 800
198891 41 801
197791 17981 802
196691 17881 803
195591 5927 804
194491 17681 805
193391 17581 806
192291 5827 807
191191 191 808
190091 1571 809
189981 101 810
188881 223 811
187781 397 812
186681 5657 813
185581 16871 814
184481 541 815
183381 5557 816
182281 227 817
181181 181 818
180081 107 819
179971 16361 820
178871 101 821
177771 5387 822
176671 16061 823
175571 1451 824
174471 311 825
173371 15761 826
172271 15661 827
171171 19 828
170071 15461 829
169961 15451 830
168861 43 831
167761 151 832
166661 139 833
165561 173 834
164461 14951 835
163361 14851 836
162261 149 837
161161 23 838
160061 14551 839
159951 131 840
158851 2063 841
157751 14341 842
156651 101 843
155551 179 844
154451 739 845
153351 1549 846
152251 13841 847
151151 151 848
150051 4547 849
149941 317 850
148841 1933 851
147741 37 852
146641 13331 853
145541 131 854
144441 1459 855
143341 157 856
142241 193 857
141141 47 858
140041 439 859
139931 12721 860
138831 601 861
137731 659 862
136631 12421 863
135531 37 864
134431 101 865
133331 31 866
132231 4007 867
131131 131 868
130031 11821 869
129921 127 870
128821 239 871
127721 683 872
126621 1279 873
125521 11411 874
124421 11311 875
123321 101 876
122221 271 877
121121 13 878
120021 3637 879
119911 991 880
118811 1543 881
117711 41 882
116611 10601 883
115511 10501 884
114411 3467 885
113311 10301 886
112211 101 887
111111 37 888
110011 137 889
109901 103 890
108801 157 891
107701 9791 892
106601 881 893
105501 139 894
104401 9491 895
103301 9391 896
102201 163 897
101101 101 898
100001 9091 899
99990 101 900
98890 31 901
97790 127 902
96690 293 903
95590 79 904
94490 859 905
93390 283 906
92290 839 907
91190 829 908
90090 13 909
89980 409 910
88880 101 911
87780 19 912
86680 197 913
85580 389 914
84480 11 915
83380 379 916
82280 17 917
81180 41 918
80080 13 919
79970 727 920
78870 239 921
77770 101 922
76670 41 923
75570 229 924
74470 677 925
73370 29 926
72270 73 927
71170 647 928
70070 13 929
69960 53 930
68860 313 931
67760 11 932
66660 101 933
65560 149 934
64460 293 935
63360 11 936
62260 283 937
61160 139 938
60060 13 939
59950 109 940
58850 107 941
57750 11 942
56650 103 943
55550 101 944
54450 11 945
53350 97 946
52250 19 947
51150 31 948
50050 13 949
49940 227 950
48840 37 951
47740 31 952
46640 53 953
45540 23 954
44440 101 955
43340 197 956
42240 11 957
41140 17 958
40040 13 959
39930 11 960
38830 353 961
37730 11 962
36630 37 963
35530 19 964
34430 313 965
33330 101 966
32230 293 967
31130 283 968
30030 13 969
29920 17 970
28820 131 971
27720 11 972
26620 11 973
25520 29 974
24420 37 975
23320 53 976
22220 101 977
21120 11 978
20020 13 979
19910 181 980
18810 19 981
17710 23 982
16610 151 983
15510 47 984
14410 131 985
13310 11 986
12210 37 987
11110 101 988
10010 13 989
9900 11 990
8800 11 991
7700 11 992
6600 11 993
5500 11 994
4400 11 995
3300 11 996
2200 11 997
1100 11 998
996699 30203 3
995599 3121 4
994499 8219 5
993399 30103 6
992299 263 7
991199 359 8
990099 137 9
989989 43 10
988889 89899 11
987789 809 12
986689 4721 13
985589 89599 14
984489 29833 15
983389 89399 16
982289 12757 17
981189 53 18
980089 641 19
979979 89 20
978879 29663 21
977779 863 22
976679 88789 23
975579 47 24
974479 88589 25
973379 827 26
972279 61 27
971179 88289 28
970079 3041 29
969969 19 30
968869 88079 31
967769 907 32
966669 2663 33
965569 1439 34
964469 87679 35
963369 263 36
962269 12497 37
961169 1481 38
960069 619 39
959959 137 40
958859 1429 41
957759 29023 42
956659 86969 43
955559 86869 44
954459 311 45
953359 7879 46
952259 149 47
951159 41 48
950059 86369 49
949949 73 50
948849 28753 51
947749 2971 52
946649 2099 53
945549 9551 54
944449 3733 55
943349 449 56
942249 4079 57
941149 1277 58
940049 457 59
939939 313 60
938839 7759 61
937739 523 62
936639 9461 63
935539 85049 64
934439 263 65
933339 28283 66
932239 12107 67
931139 84649 68
930039 28183 69
929929 929 70
928829 4967 71
927729 9371 72
926629 84239 73
925529 7649 74
924429 257 75
923329 83939 76
922229 59 77
921129 271 78
920029 83639 79
919919 919 80
918819 9281 81
917719 4391 82
916619 3623 83
915519 27743 84
914419 857 85
913319 1051 86
912219 359 87
911119 733 88
910019 82729 89
909909 101 90
908809 82619 91
907709 461 92
906609 331 93
905509 313 94
904409 82219 95
903309 883 96
902209 11717 97
901109 81919 98
900009 9091 99
899998 3719 100
898898 449 101
897798 223 102
896698 40759 103
895598 40709 104
894498 13553 105
893398 40609 106
892298 40559 107
891198 643 108
890098 40459 109
889988 179 110
888888 37 111
887788 20177 112
886688 229 113
885588 6709 114
884488 23 115
883388 1181 116
882288 557 117
881188 2861 118
880088 137 119
879978 199 120
878878 439 121
877778 2347 122
876678 359 123
875578 39799 124
874478 39749 125
873378 401 126
872278 1279 127
871178 5657 128
870078 13183 129
869968 4943 130
868868 31 131
867768 173 132
866668 19697 133
865568 2459 134
864468 59 135
863368 9811 136
862268 19597 137
861168 233 138
860068 1777 139
859958 39089 140
858858 13 141
857758 307 142
856658 1693 143
855558 149 144
854458 38839 145
853358 491 146
852258 349 147
851158 5527 148
850058 38639 149
849948 137 150
848848 53 151
847748 19267 152
846648 1069 153
845548 1747 154
844448 2399 155
843348 6389 156
842248 563 157
841148 2731 158
840048 43 159
839938 523 160
838838 419 161
837738 4231 162
836638 2237 163
835538 233 164
834438 269 165
833338 37879 166
832238 181 167
831138 257 168
830038 1301 169
829928 9431 170
828828 23 171
827728 4703 172
826628 18787 173
825528 59 174
824428 457 175
823328 2339 176
822228 6229 177
821128 43 178
820028 18637 179
819918 101 180
818818 409 181
817718 109 182
816618 12373 183
815518 1951 184
814418 37019 185
813318 12323 186
812218 36919 187
811118 229 188
810018 4091 189
809908 233 190
808808 101 191
807708 211 192
806608 4583 193
805508 18307 194
804408 277 195
803308 18257 196
802208 53 197
801108 17 198
800008 9091 199
799997 72727 200
798897 563 201
797797 797 202
796697 67 203
795597 24109 204
794497 72227 205
793397 83 206
792297 151 207
791197 4231 208
790097 331 209
789987 647 210
788887 2473 211
787787 787 212
786687 769 213
785587 4201 214
784487 71317 215
783387 193 216
782287 197 217
781187 1511 218
780087 307 219
779977 97 220
778877 157 221
777777 37 222
776677 70607 223
775577 70507 224
774477 7823 225
773377 421 226
772277 70207 227
771177 23369 228
770077 137 229
769967 69997 230
768867 1013 231
767767 59 232
766667 69697 233
765567 37 234
764467 69497 235
763367 2393 236
762267 23099 237
761167 69197 238
760067 9871 239
759957 23029 240
758857 463 241
757757 757 242
756657 7643 243
755557 68687 244
754457 641 245
753357 617 246
752257 6217 247
751157 2969 248
750057 191 249
749947 863 869
